-0.06090921908617019653320312500000000,
